Area 224, Solution 1, AroundOnes 41
000 000 000 048 049 000 000 000 000 000 000 000 000 000 000
000 000 047 001 000 000 000 000 000 000 000 000 000 000 000
000 000 000 046 045 000 069 000 000 000 000 000 000 000 000
000 000 000 000 000 044 000 025 038 000 000 000 000 000 000
000 000 000 053 032 000 012 013 000 000 000 000 000 000 000
056 055 054 000 021 011 001 067 041 000 029 000 000 000 000
000 001 000 000 066 010 000 000 000 028 001 030 000 000 000
060 059 058 000 024 000 009 018 000 027 000 031 061 000 000
000 000 000 057 000 014 005 004 026 000 000 000 000 000 000
000 000 000 000 033 019 063 001 003 037 043 000 000 000 000
000 000 000 000 052 000 020 000 002 006 000 050 000 000 000
000 000 000 000 000 000 042 022 000 001 007 000 065 000 000
000 000 000 000 000 000 064 000 023 039 008 015 000 000 068
000 000 000 000 000 000 000 000 062 000 000 040 016 017 051
000 000 000 000 000 000 000 000 000 000 000 000 001 034 000
000 000 000 000 000 000 000 000 000 000 000 036 035 070 000
000 000 000 000 000 000 000 000 000 000 000 071 000 000 000
Area 224, Solution 2, AroundOnes 40
000 000 000 048 049 000 000 000 000 000 000 000 000 000 000
000 000 047 001 000 000 000 000 000 000 000 000 000 000 000
000 000 000 046 045 000 069 000 063 000 000 000 000 000 000
000 000 000 000 000 044 000 025 038 000 000 000 000 000 000
000 000 000 053 032 000 012 013 000 000 000 000 000 000 000
056 055 054 000 021 011 001 067 041 000 029 000 000 000 000
000 001 000 000 066 010 000 000 000 028 001 030 061 000 000
060 059 058 000 024 000 009 018 000 027 000 031 000 000 000
000 000 000 057 000 014 005 004 026 000 000 000 000 000 000
000 000 000 000 033 019 000 001 003 037 043 000 000 000 000
000 000 000 000 052 000 020 000 002 006 000 050 000 000 000
000 000 000 000 000 000 042 022 000 001 007 000 065 000 000
000 000 000 000 000 000 064 000 023 039 008 015 000 000 068
000 000 000 000 000 000 000 000 062 000 000 040 016 017 051
000 000 000 000 000 000 000 000 000 000 000 000 001 034 000
000 000 000 000 000 000 000 000 000 000 000 036 035 070 000
000 000 000 000 000 000 000 000 000 000 000 071 000 000 000
Area 224, Solution 3, AroundOnes 41
000 000 000 048 049 000 000 000 000 000 000 000 000 000 000
000 000 047 001 000 000 000 000 000 000 000 000 000 000 000
000 000 000 046 045 000 069 000 000 000 000 000 000 000 000
000 000 000 000 000 044 000 025 038 000 000 000 000 000 000
000 000 000 053 032 000 012 013 000 000 000 000 000 000 000
056 055 054 000 021 011 001 067 041 000 029 060 000 000 000
000 001 000 000 066 010 000 000 000 028 001 030 000 000 000
000 059 058 000 024 000 009 018 000 027 000 031 061 000 000
000 000 000 057 000 014 005 004 026 000 000 000 000 000 000
000 000 000 000 033 019 063 001 003 037 043 000 000 000 000
000 000 000 000 052 000 020 000 002 006 000 050 000 000 000
000 000 000 000 000 000 042 022 000 001 007 000 065 000 000
000 000 000 000 000 000 064 000 023 039 008 015 000 000 068
000 000 000 000 000 000 000 000 062 000 000 040 016 017 051
000 000 000 000 000 000 000 000 000 000 000 000 001 034 000
000 000 000 000 000 000 000 000 000 000 000 036 035 070 000
000 000 000 000 000 000 000 000 000 000 000 071 000 000 000
Area 224, Solution 4, AroundOnes 41
000 000 000 048 049 000 000 000 000 000 000 000 000 000 000
000 000 047 001 000 000 000 000 000 000 000 000 000 000 000
000 000 000 046 045 000 069 000 000 000 000 000 000 000 000
000 000 000 000 000 044 000 025 038 000 000 000 000 000 000
000 000 000 053 032 000 012 013 000 000 000 000 000 000 000
056 055 054 000 021 011 001 067 041 000 029 000 000 000 000
000 001 000 000 066 010 000 000 000 028 001 030 061 000 000
060 059 058 000 024 000 009 018 000 027 000 031 000 000 000
000 000 000 057 000 014 005 004 026 000 000 000 000 000 000
000 000 000 000 033 019 063 001 003 037 043 000 000 000 000
000 000 000 000 052 000 020 000 002 006 000 050 000 000 000
000 000 000 000 000 000 042 022 000 001 007 000 065 000 000
000 000 000 000 000 000 064 000 023 039 008 015 000 000 068
000 000 000 000 000 000 000 000 062 000 000 040 016 017 051
000 000 000 000 000 000 000 000 000 000 000 000 001 034 000
000 000 000 000 000 000 000 000 000 000 000 036 035 070 000
000 000 000 000 000 000 000 000 000 000 000 071 000 000 000
Area 224, Solution 5, AroundOnes 40
000 000 000 048 049 000 000 000 000 000 000 000 000 000 000
000 000 047 001 000 000 000 000 000 000 000 000 000 000 000
000 000 000 046 045 000 069 000 063 000 000 000 000 000 000
000 000 000 000 000 044 000 025 038 000 000 000 000 000 000
000 000 000 053 032 000 012 013 000 000 000 000 000 000 000
056 055 054 000 021 011 001 067 041 000 029 000 000 000 000
000 001 000 000 066 010 000 000 000 028 001 030 000 000 000
060 059 058 000 024 000 009 018 000 027 000 031 061 000 000
000 000 000 057 000 014 005 004 026 000 000 000 000 000 000
000 000 000 000 033 019 000 001 003 037 043 000 000 000 000
000 000 000 000 052 000 020 000 002 006 000 050 000 000 000
000 000 000 000 000 000 042 022 000 001 007 000 065 000 000
000 000 000 000 000 000 064 000 023 039 008 015 000 000 068
000 000 000 000 000 000 000 000 062 000 000 040 016 017 051
000 000 000 000 000 000 000 000 000 000 000 000 001 034 000
000 000 000 000 000 000 000 000 000 000 000 036 035 070 000
000 000 000 000 000 000 000 000 000 000 000 071 000 000 000
Area 224, Solution 6, AroundOnes 40
000 000 000 048 049 000 000 000 000 000 000 000 000 000 000
000 000 047 001 000 000 000 000 000 000 000 000 000 000 000
000 000 000 046 045 000 069 000 063 000 000 000 000 000 000
000 000 000 000 000 044 000 025 038 000 000 000 000 000 000
000 000 000 053 032 000 012 013 000 000 000 000 000 000 000
056 055 054 000 021 011 001 067 041 000 029 060 000 000 000
000 001 000 000 066 010 000 000 000 028 001 030 000 000 000
000 059 058 000 024 000 009 018 000 027 000 031 061 000 000
000 000 000 057 000 014 005 004 026 000 000 000 000 000 000
000 000 000 000 033 019 000 001 003 037 043 000 000 000 000
000 000 000 000 052 000 020 000 002 006 000 050 000 000 000
000 000 000 000 000 000 042 022 000 001 007 000 065 000 000
000 000 000 000 000 000 064 000 023 039 008 015 000 000 068
000 000 000 000 000 000 000 000 062 000 000 040 016 017 051
000 000 000 000 000 000 000 000 000 000 000 000 001 034 000
000 000 000 000 000 000 000 000 000 000 000 036 035 070 000
000 000 000 000 000 000 000 000 000 000 000 071 000 000 000
Area 216, Solution 7, AroundOnes 42
059 000 049 000 000 000 000 000 000 000 000 000 000
058 001 048 000 000 000 000 000 000 000 000 000 000
057 000 047 000 000 000 000 000 000 000 000 000 000
056 000 046 000 000 000 000 000 000 000 000 000 000
055 001 045 000 069 000 000 000 000 000 000 000 000
054 000 000 044 000 025 038 000 000 000 000 000 000
000 053 032 000 012 013 000 000 000 000 000 000 000
000 000 021 011 001 067 041 000 029 060 000 000 000
000 000 066 010 000 000 000 028 001 030 000 000 000
000 000 024 000 009 018 000 027 000 031 061 000 000
000 000 000 014 005 004 026 000 000 000 000 000 000
000 000 033 019 063 001 003 037 043 000 000 000 000
000 000 052 000 020 000 002 006 000 050 000 000 000
000 000 000 000 042 022 000 001 007 000 065 000 000
000 000 000 000 064 000 023 039 008 015 000 000 068
000 000 000 000 000 000 062 000 000 040 016 017 051
000 000 000 000 000 000 000 000 000 000 001 034 000
000 000 000 000 000 000 000 000 000 036 035 070 000
000 000 000 000 000 000 000 000 000 071 000 000 000
Area 216, Solution 8, AroundOnes 41
059 000 049 000 000 000 000 000 000 000 000 000 000
058 001 048 000 000 000 000 000 000 000 000 000 000
057 000 047 000 000 000 000 000 000 000 000 000 000
056 000 046 000 000 000 000 000 000 000 000 000 000
055 001 045 000 069 000 063 000 000 000 000 000 000
054 000 000 044 000 025 038 000 000 000 000 000 000
000 053 032 000 012 013 000 000 000 000 000 000 000
000 000 021 011 001 067 041 000 029 060 000 000 000
000 000 066 010 000 000 000 028 001 030 000 000 000
000 000 024 000 009 018 000 027 000 031 061 000 000
000 000 000 014 005 004 026 000 000 000 000 000 000
000 000 033 019 000 001 003 037 043 000 000 000 000
000 000 052 000 020 000 002 006 000 050 000 000 000
000 000 000 000 042 022 000 001 007 000 065 000 000
000 000 000 000 064 000 023 039 008 015 000 000 068
000 000 000 000 000 000 062 000 000 040 016 017 051
000 000 000 000 000 000 000 000 000 000 001 034 000
000 000 000 000 000 000 000 000 000 036 035 070 000
000 000 000 000 000 000 000 000 000 071 000 000 000
Area 224, Solution 9, AroundOnes 40
000 000 000 047 000 000 000 000 000 000 000 000 000 000 000
000 000 048 001 046 000 000 000 000 000 000 000 000 000 000
000 000 049 000 045 000 069 000 063 000 000 000 000 000 000
000 000 000 000 000 044 000 025 038 000 000 000 000 000 000
000 000 000 053 032 000 012 013 000 000 000 000 000 000 000
056 055 054 000 021 011 001 067 041 000 029 000 000 000 000
000 001 000 000 066 010 000 000 000 028 001 030 000 000 000
060 059 058 000 024 000 009 018 000 027 000 031 061 000 000
000 000 000 057 000 014 005 004 026 000 000 000 000 000 000
000 000 000 000 033 019 000 001 003 037 043 000 000 000 000
000 000 000 000 052 000 020 000 002 006 000 050 000 000 000
000 000 000 000 000 000 042 022 000 001 007 000 065 000 000
000 000 000 000 000 000 064 000 023 039 008 015 000 000 068
000 000 000 000 000 000 000 000 062 000 000 040 016 017 051
000 000 000 000 000 000 000 000 000 000 000 000 001 034 000
000 000 000 000 000 000 000 000 000 000 000 036 035 070 000
000 000 000 000 000 000 000 000 000 000 000 071 000 000 000
Area 224, Solution 10, AroundOnes 41
000 000 000 047 000 000 000 000 000 000 000 000 000 000 000
000 000 048 001 046 000 000 000 000 000 000 000 000 000 000
000 000 049 000 045 000 069 000 000 000 000 000 000 000 000
000 000 000 000 000 044 000 025 038 000 000 000 000 000 000
000 000 000 053 032 000 012 013 000 000 000 000 000 000 000
056 055 054 000 021 011 001 067 041 000 029 000 000 000 000
000 001 000 000 066 010 000 000 000 028 001 030 061 000 000
060 059 058 000 024 000 009 018 000 027 000 031 000 000 000
000 000 000 057 000 014 005 004 026 000 000 000 000 000 000
000 000 000 000 033 019 063 001 003 037 043 000 000 000 000
000 000 000 000 052 000 020 000 002 006 000 050 000 000 000
000 000 000 000 000 000 042 022 000 001 007 000 065 000 000
000 000 000 000 000 000 064 000 023 039 008 015 000 000 068
000 000 000 000 000 000 000 000 062 000 000 040 016 017 051
000 000 000 000 000 000 000 000 000 000 000 000 001 034 000
000 000 000 000 000 000 000 000 000 000 000 036 035 070 000
000 000 000 000 000 000 000 000 000 000 000 071 000 000 000
Area 224, Solution 11, AroundOnes 40
000 000 000 047 000 000 000 000 000 000 000 000 000 000 000
000 000 048 001 046 000 000 000 000 000 000 000 000 000 000
000 000 049 000 045 000 069 000 063 000 000 000 000 000 000
000 000 000 000 000 044 000 025 038 000 000 000 000 000 000
000 000 000 053 032 000 012 013 000 000 000 000 000 000 000
056 055 054 000 021 011 001 067 041 000 029 060 000 000 000
000 001 000 000 066 010 000 000 000 028 001 030 000 000 000
000 059 058 000 024 000 009 018 000 027 000 031 061 000 000
000 000 000 057 000 014 005 004 026 000 000 000 000 000 000
000 000 000 000 033 019 000 001 003 037 043 000 000 000 000
000 000 000 000 052 000 020 000 002 006 000 050 000 000 000
000 000 000 000 000 000 042 022 000 001 007 000 065 000 000
000 000 000 000 000 000 064 000 023 039 008 015 000 000 068
000 000 000 000 000 000 000 000 062 000 000 040 016 017 051
000 000 000 000 000 000 000 000 000 000 000 000 001 034 000
000 000 000 000 000 000 000 000 000 000 000 036 035 070 000
000 000 000 000 000 000 000 000 000 000 000 071 000 000 000
Area 224, Solution 12, AroundOnes 40
000 000 000 047 000 000 000 000 000 000 000 000 000 000 000
000 000 048 001 046 000 000 000 000 000 000 000 000 000 000
000 000 049 000 045 000 069 000 063 000 000 000 000 000 000
000 000 000 000 000 044 000 025 038 000 000 000 000 000 000
000 000 000 053 032 000 012 013 000 000 000 000 000 000 000
056 055 054 000 021 011 001 067 041 000 029 000 000 000 000
000 001 000 000 066 010 000 000 000 028 001 030 061 000 000
060 059 058 000 024 000 009 018 000 027 000 031 000 000 000
000 000 000 057 000 014 005 004 026 000 000 000 000 000 000
000 000 000 000 033 019 000 001 003 037 043 000 000 000 000
000 000 000 000 052 000 020 000 002 006 000 050 000 000 000
000 000 000 000 000 000 042 022 000 001 007 000 065 000 000
000 000 000 000 000 000 064 000 023 039 008 015 000 000 068
000 000 000 000 000 000 000 000 062 000 000 040 016 017 051
000 000 000 000 000 000 000 000 000 000 000 000 001 034 000
000 000 000 000 000 000 000 000 000 000 000 036 035 070 000
000 000 000 000 000 000 000 000 000 000 000 071 000 000 000
Area 224, Solution 13, AroundOnes 41
000 000 000 047 000 000 000 000 000 000 000 000 000 000 000
000 000 048 001 046 000 000 000 000 000 000 000 000 000 000
000 000 049 000 045 000 069 000 000 000 000 000 000 000 000
000 000 000 000 000 044 000 025 038 000 000 000 000 000 000
000 000 000 053 032 000 012 013 000 000 000 000 000 000 000
056 055 054 000 021 011 001 067 041 000 029 000 000 000 000
000 001 000 000 066 010 000 000 000 028 001 030 000 000 000
060 059 058 000 024 000 009 018 000 027 000 031 061 000 000
000 000 000 057 000 014 005 004 026 000 000 000 000 000 000
000 000 000 000 033 019 063 001 003 037 043 000 000 000 000
000 000 000 000 052 000 020 000 002 006 000 050 000 000 000
000 000 000 000 000 000 042 022 000 001 007 000 065 000 000
000 000 000 000 000 000 064 000 023 039 008 015 000 000 068
000 000 000 000 000 000 000 000 062 000 000 040 016 017 051
000 000 000 000 000 000 000 000 000 000 000 000 001 034 000
000 000 000 000 000 000 000 000 000 000 000 036 035 070 000
000 000 000 000 000 000 000 000 000 000 000 071 000 000 000
Area 224, Solution 14, AroundOnes 41
000 000 000 047 000 000 000 000 000 000 000 000 000 000 000
000 000 048 001 046 000 000 000 000 000 000 000 000 000 000
000 000 049 000 045 000 069 000 000 000 000 000 000 000 000
000 000 000 000 000 044 000 025 038 000 000 000 000 000 000
000 000 000 053 032 000 012 013 000 000 000 000 000 000 000
056 055 054 000 021 011 001 067 041 000 029 060 000 000 000
000 001 000 000 066 010 000 000 000 028 001 030 000 000 000
000 059 058 000 024 000 009 018 000 027 000 031 061 000 000
000 000 000 057 000 014 005 004 026 000 000 000 000 000 000
000 000 000 000 033 019 063 001 003 037 043 000 000 000 000
000 000 000 000 052 000 020 000 002 006 000 050 000 000 000
000 000 000 000 000 000 042 022 000 001 007 000 065 000 000
000 000 000 000 000 000 064 000 023 039 008 015 000 000 068
000 000 000 000 000 000 000 000 062 000 000 040 016 017 051
000 000 000 000 000 000 000 000 000 000 000 000 001 034 000
000 000 000 000 000 000 000 000 000 000 000 036 035 070 000
000 000 000 000 000 000 000 000 000 000 000 071 000 000 000
Area 224, Solution 15, AroundOnes 40
000 000 000 000 000 000 000 000 000 000 000 047 000 000 000
000 000 000 000 000 000 000 000 000 000 046 001 048 000 000
000 000 000 000 000 000 063 000 069 000 045 000 049 000 000
000 000 000 000 000 000 038 025 000 044 000 000 000 000 000
000 000 000 000 000 000 000 013 012 000 032 053 000 000 000
000 000 000 000 029 000 041 067 001 011 021 000 054 055 056
000 000 000 030 001 028 000 000 000 010 066 000 000 001 000
000 000 061 031 000 027 000 018 009 000 024 000 058 059 060
000 000 000 000 000 000 026 004 005 014 000 057 000 000 000
000 000 000 000 043 037 003 001 000 019 033 000 000 000 000
000 000 000 050 000 006 002 000 020 000 052 000 000 000 000
000 000 065 000 007 001 000 022 042 000 000 000 000 000 000
068 000 000 015 008 039 023 000 064 000 000 000 000 000 000
051 017 016 040 000 000 062 000 000 000 000 000 000 000 000
000 034 001 000 000 000 000 000 000 000 000 000 000 000 000
000 070 035 036 000 000 000 000 000 000 000 000 000 000 000
000 000 000 071 000 000 000 000 000 000 000 000 000 000 000
Area 216, Solution 16, AroundOnes 42
000 000 000 000 000 000 000 000 000 000 049 000 059
000 000 000 000 000 000 000 000 000 000 048 001 058
000 000 000 000 000 000 000 000 000 000 047 000 057
000 000 000 000 000 000 000 000 000 000 046 000 056
000 000 000 000 000 000 000 000 069 000 045 001 055
000 000 000 000 000 000 038 025 000 044 000 000 054
000 000 000 000 000 000 000 013 012 000 032 053 000
000 000 000 060 029 000 041 067 001 011 021 000 000
000 000 000 030 001 028 000 000 000 010 066 000 000
000 000 061 031 000 027 000 018 009 000 024 000 000
000 000 000 000 000 000 026 004 005 014 000 000 000
000 000 000 000 043 037 003 001 063 019 033 000 000
000 000 000 050 000 006 002 000 020 000 052 000 000
000 000 065 000 007 001 000 022 042 000 000 000 000
068 000 000 015 008 039 023 000 064 000 000 000 000
051 017 016 040 000 000 062 000 000 000 000 000 000
000 034 001 000 000 000 000 000 000 000 000 000 000
000 070 035 036 000 000 000 000 000 000 000 000 000
000 000 000 071 000 000 000 000 000 000 000 000 000
Area 224, Solution 17, AroundOnes 40
000 000 000 000 000 000 000 000 000 000 000 047 000 000 000
000 000 000 000 000 000 000 000 000 000 046 001 048 000 000
000 000 000 000 000 000 063 000 069 000 045 000 049 000 000
000 000 000 000 000 000 038 025 000 044 000 000 000 000 000
000 000 000 000 000 000 000 013 012 000 032 053 000 000 000
000 000 000 000 029 000 041 067 001 011 021 000 054 055 056
000 000 061 030 001 028 000 000 000 010 066 000 000 001 000
000 000 000 031 000 027 000 018 009 000 024 000 058 059 060
000 000 000 000 000 000 026 004 005 014 000 057 000 000 000
000 000 000 000 043 037 003 001 000 019 033 000 000 000 000
000 000 000 050 000 006 002 000 020 000 052 000 000 000 000
000 000 065 000 007 001 000 022 042 000 000 000 000 000 000
068 000 000 015 008 039 023 000 064 000 000 000 000 000 000
051 017 016 040 000 000 062 000 000 000 000 000 000 000 000
000 034 001 000 000 000 000 000 000 000 000 000 000 000 000
000 070 035 036 000 000 000 000 000 000 000 000 000 000 000
000 000 000 071 000 000 000 000 000 000 000 000 000 000 000
Area 224, Solution 18, AroundOnes 41
000 000 000 000 000 000 000 000 000 000 000 047 000 000 000
000 000 000 000 000 000 000 000 000 000 046 001 048 000 000
000 000 000 000 000 000 000 000 069 000 045 000 049 000 000
000 000 000 000 000 000 038 025 000 044 000 000 000 000 000
000 000 000 000 000 000 000 013 012 000 032 053 000 000 000
000 000 000 000 029 000 041 067 001 011 021 000 054 055 056
000 000 061 030 001 028 000 000 000 010 066 000 000 001 000
000 000 000 031 000 027 000 018 009 000 024 000 058 059 060
000 000 000 000 000 000 026 004 005 014 000 057 000 000 000
000 000 000 000 043 037 003 001 063 019 033 000 000 000 000
000 000 000 050 000 006 002 000 020 000 052 000 000 000 000
000 000 065 000 007 001 000 022 042 000 000 000 000 000 000
068 000 000 015 008 039 023 000 064 000 000 000 000 000 000
051 017 016 040 000 000 062 000 000 000 000 000 000 000 000
000 034 001 000 000 000 000 000 000 000 000 000 000 000 000
000 070 035 036 000 000 000 000 000 000 000 000 000 000 000
000 000 000 071 000 000 000 000 000 000 000 000 000 000 000
Area 224, Solution 19, AroundOnes 41
000 000 000 000 000 000 000 000 000 000 000 047 000 000 000
000 000 000 000 000 000 000 000 000 000 046 001 048 000 000
000 000 000 000 000 000 000 000 069 000 045 000 049 000 000
000 000 000 000 000 000 038 025 000 044 000 000 000 000 000
000 000 000 000 000 000 000 013 012 000 032 053 000 000 000
000 000 000 000 029 000 041 067 001 011 021 000 054 055 056
000 000 000 030 001 028 000 000 000 010 066 000 000 001 000
000 000 061 031 000 027 000 018 009 000 024 000 058 059 060
000 000 000 000 000 000 026 004 005 014 000 057 000 000 000
000 000 000 000 043 037 003 001 063 019 033 000 000 000 000
000 000 000 050 000 006 002 000 020 000 052 000 000 000 000
000 000 065 000 007 001 000 022 042 000 000 000 000 000 000
068 000 000 015 008 039 023 000 064 000 000 000 000 000 000
051 017 016 040 000 000 062 000 000 000 000 000 000 000 000
000 034 001 000 000 000 000 000 000 000 000 000 000 000 000
000 070 035 036 000 000 000 000 000 000 000 000 000 000 000
000 000 000 071 000 000 000 000 000 000 000 000 000 000 000
Area 224, Solution 20, AroundOnes 41
000 000 000 000 000 000 000 000 000 000 049 048 000 000 000
000 000 000 000 000 000 000 000 000 000 000 001 047 000 000
000 000 000 000 000 000 000 000 069 000 045 046 000 000 000
000 000 000 000 000 000 038 025 000 044 000 000 000 000 000
000 000 000 000 000 000 000 013 012 000 032 053 000 000 000
000 000 000 000 029 000 041 067 001 011 021 000 054 055 056
000 000 000 030 001 028 000 000 000 010 066 000 000 001 000
000 000 061 031 000 027 000 018 009 000 024 000 058 059 060
000 000 000 000 000 000 026 004 005 014 000 057 000 000 000
000 000 000 000 043 037 003 001 063 019 033 000 000 000 000
000 000 000 050 000 006 002 000 020 000 052 000 000 000 000
000 000 065 000 007 001 000 022 042 000 000 000 000 000 000
068 000 000 015 008 039 023 000 064 000 000 000 000 000 000
051 017 016 040 000 000 062 000 000 000 000 000 000 000 000
000 034 001 000 000 000 000 000 000 000 000 000 000 000 000
000 070 035 036 000 000 000 000 000 000 000 000 000 000 000
000 000 000 071 000 000 000 000 000 000 000 000 000 000 000
Area 224, Solution 21, AroundOnes 41
000 000 000 000 000 000 000 000 000 000 000 047 000 000 000
000 000 000 000 000 000 000 000 000 000 046 001 048 000 000
000 000 000 000 000 000 000 000 069 000 045 000 049 000 000
000 000 000 000 000 000 038 025 000 044 000 000 000 000 000
000 000 000 000 000 000 000 013 012 000 032 053 000 000 000
000 000 000 060 029 000 041 067 001 011 021 000 054 055 056
000 000 000 030 001 028 000 000 000 010 066 000 000 001 000
000 000 061 031 000 027 000 018 009 000 024 000 058 059 000
000 000 000 000 000 000 026 004 005 014 000 057 000 000 000
000 000 000 000 043 037 003 001 063 019 033 000 000 000 000
000 000 000 050 000 006 002 000 020 000 052 000 000 000 000
000 000 065 000 007 001 000 022 042 000 000 000 000 000 000
068 000 000 015 008 039 023 000 064 000 000 000 000 000 000
051 017 016 040 000 000 062 000 000 000 000 000 000 000 000
000 034 001 000 000 000 000 000 000 000 000 000 000 000 000
000 070 035 036 000 000 000 000 000 000 000 000 000 000 000
000 000 000 071 000 000 000 000 000 000 000 000 000 000 000
Area 224, Solution 22, AroundOnes 40
000 000 000 000 000 000 000 000 000 000 049 048 000 000 000
000 000 000 000 000 000 000 000 000 000 000 001 047 000 000
000 000 000 000 000 000 063 000 069 000 045 046 000 000 000
000 000 000 000 000 000 038 025 000 044 000 000 000 000 000
000 000 000 000 000 000 000 013 012 000 032 053 000 000 000
000 000 000 060 029 000 041 067 001 011 021 000 054 055 056
000 000 000 030 001 028 000 000 000 010 066 000 000 001 000
000 000 061 031 000 027 000 018 009 000 024 000 058 059 000
000 000 000 000 000 000 026 004 005 014 000 057 000 000 000
000 000 000 000 043 037 003 001 000 019 033 000 000 000 000
000 000 000 050 000 006 002 000 020 000 052 000 000 000 000
000 000 065 000 007 001 000 022 042 000 000 000 000 000 000
068 000 000 015 008 039 023 000 064 000 000 000 000 000 000
051 017 016 040 000 000 062 000 000 000 000 000 000 000 000
000 034 001 000 000 000 000 000 000 000 000 000 000 000 000
000 070 035 036 000 000 000 000 000 000 000 000 000 000 000
000 000 000 071 000 000 000 000 000 000 000 000 000 000 000
Area 224, Solution 23, AroundOnes 40
000 000 000 000 000 000 000 000 000 000 049 048 000 000 000
000 000 000 000 000 000 000 000 000 000 000 001 047 000 000
000 000 000 000 000 000 063 000 069 000 045 046 000 000 000
000 000 000 000 000 000 038 025 000 044 000 000 000 000 000
000 000 000 000 000 000 000 013 012 000 032 053 000 000 000
000 000 000 000 029 000 041 067 001 011 021 000 054 055 056
000 000 000 030 001 028 000 000 000 010 066 000 000 001 000
000 000 061 031 000 027 000 018 009 000 024 000 058 059 060
000 000 000 000 000 000 026 004 005 014 000 057 000 000 000
000 000 000 000 043 037 003 001 000 019 033 000 000 000 000
000 000 000 050 000 006 002 000 020 000 052 000 000 000 000
000 000 065 000 007 001 000 022 042 000 000 000 000 000 000
068 000 000 015 008 039 023 000 064 000 000 000 000 000 000
051 017 016 040 000 000 062 000 000 000 000 000 000 000 000
000 034 001 000 000 000 000 000 000 000 000 000 000 000 000
000 070 035 036 000 000 000 000 000 000 000 000 000 000 000
000 000 000 071 000 000 000 000 000 000 000 000 000 000 000
Area 224, Solution 24, AroundOnes 41
000 000 000 000 000 000 000 000 000 000 049 048 000 000 000
000 000 000 000 000 000 000 000 000 000 000 001 047 000 000
000 000 000 000 000 000 000 000 069 000 045 046 000 000 000
000 000 000 000 000 000 038 025 000 044 000 000 000 000 000
000 000 000 000 000 000 000 013 012 000 032 053 000 000 000
000 000 000 060 029 000 041 067 001 011 021 000 054 055 056
000 000 000 030 001 028 000 000 000 010 066 000 000 001 000
000 000 061 031 000 027 000 018 009 000 024 000 058 059 000
000 000 000 000 000 000 026 004 005 014 000 057 000 000 000
000 000 000 000 043 037 003 001 063 019 033 000 000 000 000
000 000 000 050 000 006 002 000 020 000 052 000 000 000 000
000 000 065 000 007 001 000 022 042 000 000 000 000 000 000
068 000 000 015 008 039 023 000 064 000 000 000 000 000 000
051 017 016 040 000 000 062 000 000 000 000 000 000 000 000
000 034 001 000 000 000 000 000 000 000 000 000 000 000 000
000 070 035 036 000 000 000 000 000 000 000 000 000 000 000
000 000 000 071 000 000 000 000 000 000 000 000 000 000 000
Area 224, Solution 25, AroundOnes 40
000 000 000 000 000 000 000 000 000 000 049 048 000 000 000
000 000 000 000 000 000 000 000 000 000 000 001 047 000 000
000 000 000 000 000 000 063 000 069 000 045 046 000 000 000
000 000 000 000 000 000 038 025 000 044 000 000 000 000 000
000 000 000 000 000 000 000 013 012 000 032 053 000 000 000
000 000 000 000 029 000 041 067 001 011 021 000 054 055 056
000 000 061 030 001 028 000 000 000 010 066 000 000 001 000
000 000 000 031 000 027 000 018 009 000 024 000 058 059 060
000 000 000 000 000 000 026 004 005 014 000 057 000 000 000
000 000 000 000 043 037 003 001 000 019 033 000 000 000 000
000 000 000 050 000 006 002 000 020 000 052 000 000 000 000
000 000 065 000 007 001 000 022 042 000 000 000 000 000 000
068 000 000 015 008 039 023 000 064 000 000 000 000 000 000
051 017 016 040 000 000 062 000 000 000 000 000 000 000 000
000 034 001 000 000 000 000 000 000 000 000 000 000 000 000
000 070 035 036 000 000 000 000 000 000 000 000 000 000 000
000 000 000 071 000 000 000 000 000 000 000 000 000 000 000
Area 224, Solution 26, AroundOnes 41
000 000 000 000 000 000 000 000 000 000 049 048 000 000 000
000 000 000 000 000 000 000 000 000 000 000 001 047 000 000
000 000 000 000 000 000 000 000 069 000 045 046 000 000 000
000 000 000 000 000 000 038 025 000 044 000 000 000 000 000
000 000 000 000 000 000 000 013 012 000 032 053 000 000 000
000 000 000 000 029 000 041 067 001 011 021 000 054 055 056
000 000 061 030 001 028 000 000 000 010 066 000 000 001 000
000 000 000 031 000 027 000 018 009 000 024 000 058 059 060
000 000 000 000 000 000 026 004 005 014 000 057 000 000 000
000 000 000 000 043 037 003 001 063 019 033 000 000 000 000
000 000 000 050 000 006 002 000 020 000 052 000 000 000 000
000 000 065 000 007 001 000 022 042 000 000 000 000 000 000
068 000 000 015 008 039 023 000 064 000 000 000 000 000 000
051 017 016 040 000 000 062 000 000 000 000 000 000 000 000
000 034 001 000 000 000 000 000 000 000 000 000 000 000 000
000 070 035 036 000 000 000 000 000 000 000 000 000 000 000
000 000 000 071 000 000 000 000 000 000 000 000 000 000 000
Area 224, Solution 27, AroundOnes 40
000 000 000 000 000 000 000 000 000 000 000 047 000 000 000
000 000 000 000 000 000 000 000 000 000 046 001 048 000 000
000 000 000 000 000 000 063 000 069 000 045 000 049 000 000
000 000 000 000 000 000 038 025 000 044 000 000 000 000 000
000 000 000 000 000 000 000 013 012 000 032 053 000 000 000
000 000 000 060 029 000 041 067 001 011 021 000 054 055 056
000 000 000 030 001 028 000 000 000 010 066 000 000 001 000
000 000 061 031 000 027 000 018 009 000 024 000 058 059 000
000 000 000 000 000 000 026 004 005 014 000 057 000 000 000
000 000 000 000 043 037 003 001 000 019 033 000 000 000 000
000 000 000 050 000 006 002 000 020 000 052 000 000 000 000
000 000 065 000 007 001 000 022 042 000 000 000 000 000 000
068 000 000 015 008 039 023 000 064 000 000 000 000 000 000
051 017 016 040 000 000 062 000 000 000 000 000 000 000 000
000 034 001 000 000 000 000 000 000 000 000 000 000 000 000
000 070 035 036 000 000 000 000 000 000 000 000 000 000 000
000 000 000 071 000 000 000 000 000 000 000 000 000 000 000
Area 216, Solution 28, AroundOnes 41
000 000 000 000 000 000 000 000 000 000 049 000 059
000 000 000 000 000 000 000 000 000 000 048 001 058
000 000 000 000 000 000 000 000 000 000 047 000 057
000 000 000 000 000 000 000 000 000 000 046 000 056
000 000 000 000 000 000 063 000 069 000 045 001 055
000 000 000 000 000 000 038 025 000 044 000 000 054
000 000 000 000 000 000 000 013 012 000 032 053 000
000 000 000 060 029 000 041 067 001 011 021 000 000
000 000 000 030 001 028 000 000 000 010 066 000 000
000 000 061 031 000 027 000 018 009 000 024 000 000
000 000 000 000 000 000 026 004 005 014 000 000 000
000 000 000 000 043 037 003 001 000 019 033 000 000
000 000 000 050 000 006 002 000 020 000 052 000 000
000 000 065 000 007 001 000 022 042 000 000 000 000
068 000 000 015 008 039 023 000 064 000 000 000 000
051 017 016 040 000 000 062 000 000 000 000 000 000
000 034 001 000 000 000 000 000 000 000 000 000 000
000 070 035 036 000 000 000 000 000 000 000 000 000
000 000 000 071 000 000 000 000 000 000 000 000 000
Area 224, Solution 29, AroundOnes 40
000 000 000 071 000 000 000 000 000 000 000 000 000 000 000
000 070 035 036 000 000 000 000 000 000 000 000 000 000 000
000 034 001 000 000 000 000 000 000 000 000 000 000 000 000
051 017 016 040 000 000 062 000 000 000 000 000 000 000 000
068 000 000 015 008 039 023 000 064 000 000 000 000 000 000
000 000 065 000 007 001 000 022 042 000 000 000 000 000 000
000 000 000 050 000 006 002 000 020 000 052 000 000 000 000
000 000 000 000 043 037 003 001 000 019 033 000 000 000 000
000 000 000 000 000 000 026 004 005 014 000 057 000 000 000
000 000 061 031 000 027 000 018 009 000 024 000 058 059 060
000 000 000 030 001 028 000 000 000 010 066 000 000 001 000
000 000 000 000 029 000 041 067 001 011 021 000 054 055 056
000 000 000 000 000 000 000 013 012 000 032 053 000 000 000
000 000 000 000 000 000 038 025 000 044 000 000 000 000 000
000 000 000 000 000 000 063 000 069 000 045 000 049 000 000
000 000 000 000 000 000 000 000 000 000 046 001 048 000 000
000 000 000 000 000 000 000 000 000 000 000 047 000 000 000
Area 216, Solution 30, AroundOnes 42
000 000 000 071 000 000 000 000 000 000 000 000 000
000 070 035 036 000 000 000 000 000 000 000 000 000
000 034 001 000 000 000 000 000 000 000 000 000 000
051 017 016 040 000 000 062 000 000 000 000 000 000
068 000 000 015 008 039 023 000 064 000 000 000 000
000 000 065 000 007 001 000 022 042 000 000 000 000
000 000 000 050 000 006 002 000 020 000 052 000 000
000 000 000 000 043 037 003 001 063 019 033 000 000
000 000 000 000 000 000 026 004 005 014 000 000 000
000 000 061 031 000 027 000 018 009 000 024 000 000
000 000 000 030 001 028 000 000 000 010 066 000 000
000 000 000 060 029 000 041 067 001 011 021 000 000
000 000 000 000 000 000 000 013 012 000 032 053 000
000 000 000 000 000 000 038 025 000 044 000 000 054
000 000 000 000 000 000 000 000 069 000 045 001 055
000 000 000 000 000 000 000 000 000 000 046 000 056
000 000 000 000 000 000 000 000 000 000 047 000 057
000 000 000 000 000 000 000 000 000 000 048 001 058
000 000 000 000 000 000 000 000 000 000 049 000 059
Area 224, Solution 31, AroundOnes 40
000 000 000 071 000 000 000 000 000 000 000 000 000 000 000
000 070 035 036 000 000 000 000 000 000 000 000 000 000 000
000 034 001 000 000 000 000 000 000 000 000 000 000 000 000
051 017 016 040 000 000 062 000 000 000 000 000 000 000 000
068 000 000 015 008 039 023 000 064 000 000 000 000 000 000
000 000 065 000 007 001 000 022 042 000 000 000 000 000 000
000 000 000 050 000 006 002 000 020 000 052 000 000 000 000
000 000 000 000 043 037 003 001 000 019 033 000 000 000 000
000 000 000 000 000 000 026 004 005 014 000 057 000 000 000
000 000 000 031 000 027 000 018 009 000 024 000 058 059 060
000 000 061 030 001 028 000 000 000 010 066 000 000 001 000
000 000 000 000 029 000 041 067 001 011 021 000 054 055 056
000 000 000 000 000 000 000 013 012 000 032 053 000 000 000
000 000 000 000 000 000 038 025 000 044 000 000 000 000 000
000 000 000 000 000 000 063 000 069 000 045 000 049 000 000
000 000 000 000 000 000 000 000 000 000 046 001 048 000 000
000 000 000 000 000 000 000 000 000 000 000 047 000 000 000
Area 224, Solution 32, AroundOnes 41
000 000 000 071 000 000 000 000 000 000 000 000 000 000 000
000 070 035 036 000 000 000 000 000 000 000 000 000 000 000
000 034 001 000 000 000 000 000 000 000 000 000 000 000 000
051 017 016 040 000 000 062 000 000 000 000 000 000 000 000
068 000 000 015 008 039 023 000 064 000 000 000 000 000 000
000 000 065 000 007 001 000 022 042 000 000 000 000 000 000
000 000 000 050 000 006 002 000 020 000 052 000 000 000 000
000 000 000 000 043 037 003 001 063 019 033 000 000 000 000
000 000 000 000 000 000 026 004 005 014 000 057 000 000 000
000 000 000 031 000 027 000 018 009 000 024 000 058 059 060
000 000 061 030 001 028 000 000 000 010 066 000 000 001 000
000 000 000 000 029 000 041 067 001 011 021 000 054 055 056
000 000 000 000 000 000 000 013 012 000 032 053 000 000 000
000 000 000 000 000 000 038 025 000 044 000 000 000 000 000
000 000 000 000 000 000 000 000 069 000 045 000 049 000 000
000 000 000 000 000 000 000 000 000 000 046 001 048 000 000
000 000 000 000 000 000 000 000 000 000 000 047 000 000 000
Area 224, Solution 33, AroundOnes 41
000 000 000 071 000 000 000 000 000 000 000 000 000 000 000
000 070 035 036 000 000 000 000 000 000 000 000 000 000 000
000 034 001 000 000 000 000 000 000 000 000 000 000 000 000
051 017 016 040 000 000 062 000 000 000 000 000 000 000 000
068 000 000 015 008 039 023 000 064 000 000 000 000 000 000
000 000 065 000 007 001 000 022 042 000 000 000 000 000 000
000 000 000 050 000 006 002 000 020 000 052 000 000 000 000
000 000 000 000 043 037 003 001 063 019 033 000 000 000 000
000 000 000 000 000 000 026 004 005 014 000 057 000 000 000
000 000 061 031 000 027 000 018 009 000 024 000 058 059 060
000 000 000 030 001 028 000 000 000 010 066 000 000 001 000
000 000 000 000 029 000 041 067 001 011 021 000 054 055 056
000 000 000 000 000 000 000 013 012 000 032 053 000 000 000
000 000 000 000 000 000 038 025 000 044 000 000 000 000 000
000 000 000 000 000 000 000 000 069 000 045 000 049 000 000
000 000 000 000 000 000 000 000 000 000 046 001 048 000 000
000 000 000 000 000 000 000 000 000 000 000 047 000 000 000
Area 224, Solution 34, AroundOnes 41
000 000 000 071 000 000 000 000 000 000 000 000 000 000 000
000 070 035 036 000 000 000 000 000 000 000 000 000 000 000
000 034 001 000 000 000 000 000 000 000 000 000 000 000 000
051 017 016 040 000 000 062 000 000 000 000 000 000 000 000
068 000 000 015 008 039 023 000 064 000 000 000 000 000 000
000 000 065 000 007 001 000 022 042 000 000 000 000 000 000
000 000 000 050 000 006 002 000 020 000 052 000 000 000 000
000 000 000 000 043 037 003 001 063 019 033 000 000 000 000
000 000 000 000 000 000 026 004 005 014 000 057 000 000 000
000 000 061 031 000 027 000 018 009 000 024 000 058 059 060
000 000 000 030 001 028 000 000 000 010 066 000 000 001 000
000 000 000 000 029 000 041 067 001 011 021 000 054 055 056
000 000 000 000 000 000 000 013 012 000 032 053 000 000 000
000 000 000 000 000 000 038 025 000 044 000 000 000 000 000
000 000 000 000 000 000 000 000 069 000 045 046 000 000 000
000 000 000 000 000 000 000 000 000 000 000 001 047 000 000
000 000 000 000 000 000 000 000 000 000 049 048 000 000 000
Area 224, Solution 35, AroundOnes 41
000 000 000 071 000 000 000 000 000 000 000 000 000 000 000
000 070 035 036 000 000 000 000 000 000 000 000 000 000 000
000 034 001 000 000 000 000 000 000 000 000 000 000 000 000
051 017 016 040 000 000 062 000 000 000 000 000 000 000 000
068 000 000 015 008 039 023 000 064 000 000 000 000 000 000
000 000 065 000 007 001 000 022 042 000 000 000 000 000 000
000 000 000 050 000 006 002 000 020 000 052 000 000 000 000
000 000 000 000 043 037 003 001 063 019 033 000 000 000 000
000 000 000 000 000 000 026 004 005 014 000 057 000 000 000
000 000 061 031 000 027 000 018 009 000 024 000 058 059 000
000 000 000 030 001 028 000 000 000 010 066 000 000 001 000
000 000 000 060 029 000 041 067 001 011 021 000 054 055 056
000 000 000 000 000 000 000 013 012 000 032 053 000 000 000
000 000 000 000 000 000 038 025 000 044 000 000 000 000 000
000 000 000 000 000 000 000 000 069 000 045 000 049 000 000
000 000 000 000 000 000 000 000 000 000 046 001 048 000 000
000 000 000 000 000 000 000 000 000 000 000 047 000 000 000
Area 224, Solution 36, AroundOnes 40
000 000 000 071 000 000 000 000 000 000 000 000 000 000 000
000 070 035 036 000 000 000 000 000 000 000 000 000 000 000
000 034 001 000 000 000 000 000 000 000 000 000 000 000 000
051 017 016 040 000 000 062 000 000 000 000 000 000 000 000
068 000 000 015 008 039 023 000 064 000 000 000 000 000 000
000 000 065 000 007 001 000 022 042 000 000 000 000 000 000
000 000 000 050 000 006 002 000 020 000 052 000 000 000 000
000 000 000 000 043 037 003 001 000 019 033 000 000 000 000
000 000 000 000 000 000 026 004 005 014 000 057 000 000 000
000 000 061 031 000 027 000 018 009 000 024 000 058 059 000
000 000 000 030 001 028 000 000 000 010 066 000 000 001 000
000 000 000 060 029 000 041 067 001 011 021 000 054 055 056
000 000 000 000 000 000 000 013 012 000 032 053 000 000 000
000 000 000 000 000 000 038 025 000 044 000 000 000 000 000
000 000 000 000 000 000 063 000 069 000 045 046 000 000 000
000 000 000 000 000 000 000 000 000 000 000 001 047 000 000
000 000 000 000 000 000 000 000 000 000 049 048 000 000 000
Area 224, Solution 37, AroundOnes 40
000 000 000 071 000 000 000 000 000 000 000 000 000 000 000
000 070 035 036 000 000 000 000 000 000 000 000 000 000 000
000 034 001 000 000 000 000 000 000 000 000 000 000 000 000
051 017 016 040 000 000 062 000 000 000 000 000 000 000 000
068 000 000 015 008 039 023 000 064 000 000 000 000 000 000
000 000 065 000 007 001 000 022 042 000 000 000 000 000 000
000 000 000 050 000 006 002 000 020 000 052 000 000 000 000
000 000 000 000 043 037 003 001 000 019 033 000 000 000 000
000 000 000 000 000 000 026 004 005 014 000 057 000 000 000
000 000 061 031 000 027 000 018 009 000 024 000 058 059 060
000 000 000 030 001 028 000 000 000 010 066 000 000 001 000
000 000 000 000 029 000 041 067 001 011 021 000 054 055 056
000 000 000 000 000 000 000 013 012 000 032 053 000 000 000
000 000 000 000 000 000 038 025 000 044 000 000 000 000 000
000 000 000 000 000 000 063 000 069 000 045 046 000 000 000
000 000 000 000 000 000 000 000 000 000 000 001 047 000 000
000 000 000 000 000 000 000 000 000 000 049 048 000 000 000
Area 224, Solution 38, AroundOnes 41
000 000 000 071 000 000 000 000 000 000 000 000 000 000 000
000 070 035 036 000 000 000 000 000 000 000 000 000 000 000
000 034 001 000 000 000 000 000 000 000 000 000 000 000 000
051 017 016 040 000 000 062 000 000 000 000 000 000 000 000
068 000 000 015 008 039 023 000 064 000 000 000 000 000 000
000 000 065 000 007 001 000 022 042 000 000 000 000 000 000
000 000 000 050 000 006 002 000 020 000 052 000 000 000 000
000 000 000 000 043 037 003 001 063 019 033 000 000 000 000
000 000 000 000 000 000 026 004 005 014 000 057 000 000 000
000 000 061 031 000 027 000 018 009 000 024 000 058 059 000
000 000 000 030 001 028 000 000 000 010 066 000 000 001 000
000 000 000 060 029 000 041 067 001 011 021 000 054 055 056
000 000 000 000 000 000 000 013 012 000 032 053 000 000 000
000 000 000 000 000 000 038 025 000 044 000 000 000 000 000
000 000 000 000 000 000 000 000 069 000 045 046 000 000 000
000 000 000 000 000 000 000 000 000 000 000 001 047 000 000
000 000 000 000 000 000 000 000 000 000 049 048 000 000 000
Area 224, Solution 39, AroundOnes 40
000 000 000 071 000 000 000 000 000 000 000 000 000 000 000
000 070 035 036 000 000 000 000 000 000 000 000 000 000 000
000 034 001 000 000 000 000 000 000 000 000 000 000 000 000
051 017 016 040 000 000 062 000 000 000 000 000 000 000 000
068 000 000 015 008 039 023 000 064 000 000 000 000 000 000
000 000 065 000 007 001 000 022 042 000 000 000 000 000 000
000 000 000 050 000 006 002 000 020 000 052 000 000 000 000
000 000 000 000 043 037 003 001 000 019 033 000 000 000 000
000 000 000 000 000 000 026 004 005 014 000 057 000 000 000
000 000 000 031 000 027 000 018 009 000 024 000 058 059 060
000 000 061 030 001 028 000 000 000 010 066 000 000 001 000
000 000 000 000 029 000 041 067 001 011 021 000 054 055 056
000 000 000 000 000 000 000 013 012 000 032 053 000 000 000
000 000 000 000 000 000 038 025 000 044 000 000 000 000 000
000 000 000 000 000 000 063 000 069 000 045 046 000 000 000
000 000 000 000 000 000 000 000 000 000 000 001 047 000 000
000 000 000 000 000 000 000 000 000 000 049 048 000 000 000
Area 224, Solution 40, AroundOnes 41
000 000 000 071 000 000 000 000 000 000 000 000 000 000 000
000 070 035 036 000 000 000 000 000 000 000 000 000 000 000
000 034 001 000 000 000 000 000 000 000 000 000 000 000 000
051 017 016 040 000 000 062 000 000 000 000 000 000 000 000
068 000 000 015 008 039 023 000 064 000 000 000 000 000 000
000 000 065 000 007 001 000 022 042 000 000 000 000 000 000
000 000 000 050 000 006 002 000 020 000 052 000 000 000 000
000 000 000 000 043 037 003 001 063 019 033 000 000 000 000
000 000 000 000 000 000 026 004 005 014 000 057 000 000 000
000 000 000 031 000 027 000 018 009 000 024 000 058 059 060
000 000 061 030 001 028 000 000 000 010 066 000 000 001 000
000 000 000 000 029 000 041 067 001 011 021 000 054 055 056
000 000 000 000 000 000 000 013 012 000 032 053 000 000 000
000 000 000 000 000 000 038 025 000 044 000 000 000 000 000
000 000 000 000 000 000 000 000 069 000 045 046 000 000 000
000 000 000 000 000 000 000 000 000 000 000 001 047 000 000
000 000 000 000 000 000 000 000 000 000 049 048 000 000 000
Area 224, Solution 41, AroundOnes 40
000 000 000 071 000 000 000 000 000 000 000 000 000 000 000
000 070 035 036 000 000 000 000 000 000 000 000 000 000 000
000 034 001 000 000 000 000 000 000 000 000 000 000 000 000
051 017 016 040 000 000 062 000 000 000 000 000 000 000 000
068 000 000 015 008 039 023 000 064 000 000 000 000 000 000
000 000 065 000 007 001 000 022 042 000 000 000 000 000 000
000 000 000 050 000 006 002 000 020 000 052 000 000 000 000
000 000 000 000 043 037 003 001 000 019 033 000 000 000 000
000 000 000 000 000 000 026 004 005 014 000 057 000 000 000
000 000 061 031 000 027 000 018 009 000 024 000 058 059 000
000 000 000 030 001 028 000 000 000 010 066 000 000 001 000
000 000 000 060 029 000 041 067 001 011 021 000 054 055 056
000 000 000 000 000 000 000 013 012 000 032 053 000 000 000
000 000 000 000 000 000 038 025 000 044 000 000 000 000 000
000 000 000 000 000 000 063 000 069 000 045 000 049 000 000
000 000 000 000 000 000 000 000 000 000 046 001 048 000 000
000 000 000 000 000 000 000 000 000 000 000 047 000 000 000
Area 216, Solution 42, AroundOnes 41
000 000 000 071 000 000 000 000 000 000 000 000 000
000 070 035 036 000 000 000 000 000 000 000 000 000
000 034 001 000 000 000 000 000 000 000 000 000 000
051 017 016 040 000 000 062 000 000 000 000 000 000
068 000 000 015 008 039 023 000 064 000 000 000 000
000 000 065 000 007 001 000 022 042 000 000 000 000
000 000 000 050 000 006 002 000 020 000 052 000 000
000 000 000 000 043 037 003 001 000 019 033 000 000
000 000 000 000 000 000 026 004 005 014 000 000 000
000 000 061 031 000 027 000 018 009 000 024 000 000
000 000 000 030 001 028 000 000 000 010 066 000 000
000 000 000 060 029 000 041 067 001 011 021 000 000
000 000 000 000 000 000 000 013 012 000 032 053 000
000 000 000 000 000 000 038 025 000 044 000 000 054
000 000 000 000 000 000 063 000 069 000 045 001 055
000 000 000 000 000 000 000 000 000 000 046 000 056
000 000 000 000 000 000 000 000 000 000 047 000 057
000 000 000 000 000 000 000 000 000 000 048 001 058
000 000 000 000 000 000 000 000 000 000 049 000 059
